$ANSIBLE_VAULT;1.1;AES256
33363437383034373966613130666630316231333137343338373731363464383363356361646666
6566363034306562306138323032643365623665333038360a323638343164343566393137633334
63313632373334663430333132656265613332616538646336363838356230653161623235623534
3134663264393631630a656265323966396338306532383932616532623330343937653563333638
65333231316563656430326235346632383962316336303133626334386334373739663735383564
35393239333731336565613263353139366634316566653133653965383330653631626434653964
35633237663535326265636362386566393063353961646336303930663731656464346464373333
62363365386136616261643838656131306139633336636138303033323464383935633363616131
37613934313463623161663637343262643837666161303530313233623939616562333362636161
36343639373366613536666634616331616565373065306137633839616539353063646535666361
62656237643837336638323231326439626430623732366664333166353030366537373163656262
33326539633264366139343162396531613339366132333664336365323966353034313131303033
61356665626237363861626234376433343432396366313038386666303934376431323462343964
3862303833623634376435633061663732656339363636646465
