$ANSIBLE_VAULT;1.1;AES256
39363030646162306231323631303632343732643663333063623863353530353932373165386330
3462623265663934363166633138306562393531373230330a663561353537656538666538333564
37386563646636356634626139373135326533643237313862646137333132373436623963346262
6461306237636464650a306433323866323738646163643364663032363632646236386637663864
38333936303263626265633732633537663234626339356463326631313335313939616464666633
31336636663238646437623534326339653463623663353265316534343134363165663732343139
65633238386263316464636633336532336361383766636633636139396564383434666164373334
64356637663132396662323130353362366562663563623430353365306264373962623534373466
31616561646531303731393133633637363536663635333731623839363230623662333031386231
38343962333035306633653233323937656233376439306333353462626666326165343038393230
61346463636239386230663838396537336465323263616363633632633765653733613236643931
39346433343134666666363032653033643664363164626463396232323932313739323763623833
32393964383861356533646131323739326562656164633538613137336238626533343137626638
66383730373731343862363835623437316131383539393562353335303466656265303366646634
31663463346337393266623231396662353563653431626431356263643864303638323263326331
36363638373665303033353831353565656336396330636539366331623830393031366130313032
63343336623935383135346235326435383465333933663632616533646634646666643066333430
39336662626335656564323934663537316434653036333363636462643133303334333631353431
35316435633662393439346235396464353933643634356430326233393963656666353264306264
66363134346262646361
